Данные:
12 9 10 16 19 8 13 18 15 9 12 14
11 18 12 9 20 7 10 19 20 10 15 17
19 11 10 20 18 16 20 11 16 18 11 8
8 12 8 19 10 17 16 18 16 16 19 19

Популяция:
226 113 117 22 212 9 44 58 27 148 202 166
213 129 184 72 232 128 252 215 151 35 139 221
104 13 89 187 166 73 167 85 3 38 15 35
65 178 82 125 52 151 47 16 188 23 72 1
108 77 28 102 41 65 53 142 237 81 125 66

Максимальные веса:
70 71 59 73 87
  Родитель 1:
226	113	117	22	212	9	44	58	27	148	202	166
  Родитель 2:
213	129	184	72	232	128	252	215	151	35	139	221

Вероятность кроссовера: 60
   Результат кросовера:
    226  	113  	117  	22  	212  	9  	252  	215  	151  	35  	139  	166
   Результат кросовера:
    213  	129  	184  	72  	232  	128  	44  	58  	27  	148  	202  	221

вероятность мутации: 43
Мутация результат:
226	2	117	22	212	9	252	215	151	35	139	166
  Родитель 1:
213	129	184	72	232	128	252	215	151	35	139	221
  Родитель 2:
104	13	89	187	166	73	167	85	3	38	15	35

Вероятность кроссовера: 92

вероятность мутации: 46
Мутация результат:
213	129	184	72	232	128	0	215	151	35	139	221
  Родитель 1:
104	13	89	187	166	73	167	85	3	38	15	35
  Родитель 2:
226	113	117	22	212	9	44	58	27	148	202	166

Вероятность кроссовера: 89

вероятность мутации: 86
Мутация результат:
104	13	89	187	166	73	167	85	3	38	15	7
  Родитель 1:
65	178	82	125	52	151	47	16	188	23	72	1
  Родитель 2:
104	13	89	187	166	73	167	85	3	38	15	35

Вероятность кроссовера: 37
   Результат кросовера:
    65  	178  	82  	125  	52  	73  	47  	16  	188  	23  	72  	1
   Результат кросовера:
    104  	13  	89  	187  	166  	151  	167  	85  	3  	38  	15  	35

вероятность мутации: 92
Мутация результат:
65	178	82	125	52	73	47	16	30	23	72	1
  Родитель 1:
108	77	28	102	41	65	53	142	237	81	125	66
  Родитель 2:
65	178	82	125	52	151	47	16	188	23	72	1

Вероятность кроссовера: 9
   Результат кросовера:
    108  	77  	28  	102  	41  	151  	47  	16  	237  	81  	125  	66
   Результат кросовера:
    65  	178  	82  	125  	52  	65  	53  	142  	188  	23  	72  	1

вероятность мутации: 50
Мутация результат:
108	77	28	102	41	151	47	16	1	81	125	66

Популяция:1

Конечные веса:
70 71 59 73 87 52 59 59 74 55

Результат до чистки:
226 113 117 22 212 9 44 58 27 148 202 166
213 129 184 72 232 128 252 215 151 35 139 221
104 13 89 187 166 73 167 85 3 38 15 35
65 178 82 125 52 151 47 16 188 23 72 1
108 77 28 102 41 65 53 142 237 81 125 66
226 2 117 22 212 9 252 215 151 35 139 166
104 13 89 187 166 73 167 85 3 38 15 35
104 13 89 187 166 73 167 85 3 38 15 1
104 13 89 187 166 151 167 85 3 38 15 35
65 178 82 125 52 65 53 142 188 23 72 1

Результат популяции:
226 2 117 22 212 9 252 215 151 35 139 166
65 178 82 125 52 65 53 142 188 23 72 1
104 13 89 187 166 73 167 85 3 38 15 35
104 13 89 187 166 73 167 85 3 38 15 35
104 13 89 187 166 73 167 85 3 38 15 1
  Родитель 1:
226	2	117	22	212	9	252	215	151	35	139	166
  Родитель 2:
104	13	89	187	166	73	167	85	3	38	15	35

Вероятность кроссовера: 16
   Результат кросовера:
    226  	2  	89  	187  	166  	73  	167  	85  	3  	38  	139  	166
   Результат кросовера:
    104  	13  	117  	22  	212  	9  	252  	215  	151  	35  	15  	35

вероятность мутации: 67
Мутация результат:
226	2	89	123	166	73	167	85	3	38	139	166
  Родитель 1:
65	178	82	125	52	65	53	142	188	23	72	1
  Родитель 2:
104	13	89	187	166	73	167	85	3	38	15	35

Вероятность кроссовера: 64
   Результат кросовера:
    65  	178  	82  	187  	52  	65  	53  	142  	188  	23  	72  	1
   Результат кросовера:
    104  	13  	89  	125  	166  	73  	167  	85  	3  	38  	15  	35

вероятность мутации: 19
Мутация результат:
65	178	82	187	52	65	1	142	188	23	72	1
  Родитель 1:
104	13	89	187	166	73	167	85	3	38	15	35
  Родитель 2:
65	178	82	125	52	65	53	142	188	23	72	1

Вероятность кроссовера: 12
   Результат кросовера:
    65  	178  	82  	125  	166  	73  	167  	85  	3  	38  	15  	35
   Результат кросовера:
    104  	13  	89  	187  	52  	65  	53  	142  	188  	23  	72  	1

вероятность мутации: 45
Мутация результат:
1	178	82	125	166	73	167	85	3	38	15	35
  Родитель 1:
104	13	89	187	166	73	167	85	3	38	15	35
  Родитель 2:
226	2	117	22	212	9	252	215	151	35	139	166

Вероятность кроссовера: 74
   Результат кросовера:
    104  	13  	117  	22  	166  	73  	167  	85  	3  	38  	15  	35
   Результат кросовера:
    226  	2  	89  	187  	212  	9  	252  	215  	151  	35  	139  	166

вероятность мутации: 75
Мутация результат:
104	13	117	22	166	73	167	1	3	38	15	35
  Родитель 1:
104	13	89	187	166	73	167	85	3	38	15	1
  Родитель 2:
226	2	117	22	212	9	252	215	151	35	139	166

Вероятность кроссовера: 38
   Результат кросовера:
    104  	13  	89  	187  	166  	9  	167  	85  	3  	38  	15  	1
   Результат кросовера:
    226  	2  	117  	22  	212  	73  	252  	215  	151  	35  	139  	166

вероятность мутации: 51
Мутация результат:
104	13	89	187	166	9	167	85	3	38	15	1

Популяция:2

Конечные веса:
52 55 59 59 59 57 58 62 55 52

Результат до чистки:
226 2 117 22 212 9 252 215 151 35 139 166
65 178 82 125 52 65 53 142 188 23 72 1
104 13 89 187 166 73 167 85 3 38 15 35
104 13 89 187 166 73 167 85 3 38 15 35
104 13 89 187 166 73 167 85 3 38 15 1
226 2 89 1 166 73 167 85 3 38 139 166
65 178 82 187 52 65 1 142 188 23 72 1
1 178 82 125 166 73 167 85 3 38 15 35
226 2 89 187 212 9 252 215 151 35 139 166
226 2 117 22 212 73 252 215 151 35 139 166

Результат популяции:
226 2 117 22 212 9 252 215 151 35 139 166
226 2 117 22 212 73 252 215 151 35 139 166
65 178 82 125 52 65 53 142 188 23 72 1
226 2 89 187 212 9 252 215 151 35 139 166
226 2 89 1 166 73 167 85 3 38 139 166
  Родитель 1:
226	2	117	22	212	9	252	215	151	35	139	166
  Родитель 2:
226	2	89	1	166	73	167	85	3	38	139	166

Вероятность кроссовера: 28
   Результат кросовера:
    226  	2  	89  	22  	212  	9  	252  	215  	151  	35  	139  	166
   Результат кросовера:
    226  	2  	117  	1  	166  	73  	167  	85  	3  	38  	139  	166

вероятность мутации: 25
Мутация результат:
226	2	1	22	212	9	252	215	151	35	139	166
  Родитель 1:
226	2	117	22	212	73	252	215	151	35	139	166
  Родитель 2:
65	178	82	125	52	65	53	142	188	23	72	1

Вероятность кроссовера: 2
   Результат кросовера:
    226  	2  	117  	22  	212  	65  	53  	142  	151  	35  	139  	166
   Результат кросовера:
    65  	178  	82  	125  	52  	73  	252  	215  	188  	23  	72  	1

вероятность мутации: 58
Мутация результат:
226	2	117	22	212	65	53	142	151	1	139	166
  Родитель 1:
65	178	82	125	52	65	53	142	188	23	72	1
  Родитель 2:
226	2	89	1	166	73	167	85	3	38	139	166

Вероятность кроссовера: 77
   Результат кросовера:
    226  	2  	89  	125  	52  	65  	53  	142  	188  	23  	72  	1
   Результат кросовера:
    65  	178  	82  	1  	166  	73  	167  	85  	3  	38  	139  	166

вероятность мутации: 89
Мутация результат:
226	2	89	125	52	65	53	142	0	23	72	1
  Родитель 1:
226	2	89	187	212	9	252	215	151	35	139	166
  Родитель 2:
226	2	89	1	166	73	167	85	3	38	139	166

Вероятность кроссовера: 22
   Результат кросовера:
    226  	2  	89  	1  	166  	73  	167  	85  	151  	35  	139  	166
   Результат кросовера:
    226  	2  	89  	187  	212  	9  	252  	215  	3  	38  	139  	166

вероятность мутации: 57
Мутация результат:
226	2	89	1	166	1	167	85	151	35	139	166
  Родитель 1:
226	2	89	1	166	73	167	85	3	38	139	166
  Родитель 2:
65	178	82	125	52	65	53	142	188	23	72	1

Вероятность кроссовера: 34
   Результат кросовера:
    226  	178  	82  	125  	52  	65  	167  	85  	3  	38  	139  	166
   Результат кросовера:
    65  	2  	89  	1  	166  	73  	53  	142  	188  	23  	72  	1

вероятность мутации: 3
Мутация результат:
226	178	82	125	52	65	167	85	3	0	139	166

Популяция:3

Конечные веса:
52 52 55 55 57 52 47 68 52 50

Результат до чистки:
226 2 117 22 212 9 252 215 151 35 139 166
226 2 117 22 212 73 252 215 151 35 139 166
65 178 82 125 52 65 53 142 188 23 72 1
226 2 89 187 212 9 252 215 151 35 139 166
226 2 89 1 166 73 167 85 3 38 139 166
226 2 1 22 212 9 252 215 151 35 139 166
226 2 117 22 212 65 53 142 151 1 139 166
65 178 82 1 166 73 167 85 3 38 139 166
226 2 89 187 212 9 252 215 3 38 139 166
226 178 82 125 52 65 167 85 3 0 139 166

Результат популяции:
226 2 117 22 212 65 53 142 151 1 139 166
226 178 82 125 52 65 167 85 3 0 139 166
226 2 117 22 212 9 252 215 151 35 139 166
226 2 117 22 212 73 252 215 151 35 139 166
226 2 1 22 212 9 252 215 151 35 139 166
  Родитель 1:
226	2	117	22	212	65	53	142	151	1	139	166
  Родитель 2:
226	2	117	22	212	9	252	215	151	35	139	166

Вероятность кроссовера: 29
   Результат кросовера:
    226  	2  	117  	22  	212  	65  	252  	215  	151  	1  	139  	166
   Результат кросовера:
    226  	2  	117  	22  	212  	9  	53  	142  	151  	35  	139  	166

вероятность мутации: 45
Мутация результат:
226	0	117	22	212	65	252	215	151	1	139	166
  Родитель 1:
226	178	82	125	52	65	167	85	3	0	139	166
  Родитель 2:
226	2	117	22	212	9	252	215	151	35	139	166

Вероятность кроссовера: 0
   Результат кросовера:
    226  	2  	117  	22  	212  	65  	167  	85  	3  	0  	139  	166
   Результат кросовера:
    226  	178  	82  	125  	52  	9  	252  	215  	151  	35  	139  	166

вероятность мутации: 46
Мутация результат:
226	2	117	0	212	65	167	85	3	0	139	166
  Родитель 1:
226	2	117	22	212	9	252	215	151	35	139	166
  Родитель 2:
226	2	1	22	212	9	252	215	151	35	139	166

Вероятность кроссовера: 83

вероятность мутации: 66
Мутация результат:
226	2	1	22	212	9	252	215	151	35	139	166
  Родитель 1:
226	2	117	22	212	73	252	215	151	35	139	166
  Родитель 2:
226	2	1	22	212	9	252	215	151	35	139	166

Вероятность кроссовера: 10
   Результат кросовера:
    226  	2  	1  	22  	212  	9  	252  	215  	151  	35  	139  	166
   Результат кросовера:
    226  	2  	117  	22  	212  	73  	252  	215  	151  	35  	139  	166

вероятность мутации: 40
Мутация результат:
226	2	1	22	0	9	252	215	151	35	139	166
  Родитель 1:
226	2	1	22	212	9	252	215	151	35	139	166
  Родитель 2:
226	2	117	22	212	65	53	142	151	1	139	166

Вероятность кроссовера: 94

вероятность мутации: 72
Мутация результат:
226	2	1	22	0	9	252	215	151	35	139	166

Популяция:4

Конечные веса:
47 50 52 52 52 52 46 52 52 47

Результат до чистки:
226 2 117 22 212 65 53 142 151 1 139 166
226 178 82 125 52 65 167 85 3 0 139 166
226 2 117 22 212 9 252 215 151 35 139 166
226 2 117 22 212 73 252 215 151 35 139 166
226 2 1 22 212 9 252 215 151 35 139 166
226 0 117 22 212 65 252 215 151 1 139 166
226 178 82 125 52 9 252 215 151 35 139 166
226 2 1 22 212 9 252 215 151 35 139 166
226 2 117 22 212 73 252 215 151 35 139 166
226 2 117 22 212 65 53 142 151 1 139 166

Результат популяции:
226 178 82 125 52 9 252 215 151 35 139 166
226 2 117 22 212 65 53 142 151 1 139 166
226 2 117 22 212 65 53 142 151 1 139 166
226 178 82 125 52 65 167 85 3 0 139 166
226 2 117 22 212 9 252 215 151 35 139 166
  Родитель 1:
226	178	82	125	52	9	252	215	151	35	139	166
  Родитель 2:
226	178	82	125	52	65	167	85	3	0	139	166

Вероятность кроссовера: 13
   Результат кросовера:
    226  	178  	82  	125  	52  	65  	167  	85  	3  	0  	139  	166
   Результат кросовера:
    226  	178  	82  	125  	52  	9  	252  	215  	151  	35  	139  	166

вероятность мутации: 83
Мутация результат:
226	178	82	125	52	1	167	85	3	0	139	166
  Родитель 1:
226	2	117	22	212	65	53	142	151	1	139	166
  Родитель 2:
226	2	117	22	212	9	252	215	151	35	139	166

Вероятность кроссовера: 77
   Результат кросовера:
    226  	2  	117  	22  	212  	65  	53  	142  	151  	35  	139  	166
   Результат кросовера:
    226  	2  	117  	22  	212  	9  	252  	215  	151  	1  	139  	166

вероятность мутации: 51
Мутация результат:
226	2	117	22	212	65	53	142	151	35	1	166
  Родитель 1:
226	2	117	22	212	65	53	142	151	1	139	166
  Родитель 2:
226	178	82	125	52	9	252	215	151	35	139	166

Вероятность кроссовера: 25
   Результат кросовера:
    226  	178  	82  	125  	52  	65  	53  	142  	151  	1  	139  	166
   Результат кросовера:
    226  	2  	117  	22  	212  	9  	252  	215  	151  	35  	139  	166

вероятность мутации: 71
Мутация результат:
226	178	82	125	52	65	53	5	151	1	139	166
  Родитель 1:
226	178	82	125	52	65	167	85	3	0	139	166
  Родитель 2:
226	2	117	22	212	65	53	142	151	1	139	166

Вероятность кроссовера: 21
   Результат кросовера:
    226  	178  	82  	125  	52  	65  	167  	85  	3  	0  	139  	166
   Результат кросовера:
    226  	2  	117  	22  	212  	65  	53  	142  	151  	1  	139  	166

вероятность мутации: 79
Мутация результат:
226	0	82	125	52	65	167	85	3	0	139	166
  Родитель 1:
226	2	117	22	212	9	252	215	151	35	139	166
  Родитель 2:
226	178	82	125	52	9	252	215	151	35	139	166

Вероятность кроссовера: 23
   Результат кросовера:
    226  	2  	82  	125  	52  	9  	252  	215  	151  	35  	139  	166
   Результат кросовера:
    226  	178  	117  	22  	212  	9  	252  	215  	151  	35  	139  	166

вероятность мутации: 48
Мутация результат:
226	2	82	1	52	9	252	215	151	35	139	166

Популяция:5

Конечные веса:
46 47 47 50 52 46 52 52 47 52

Результат до чистки:
226 178 82 125 52 9 252 215 151 35 139 166
226 2 117 22 212 65 53 142 151 1 139 166
226 2 117 22 212 65 53 142 151 1 139 166
226 178 82 125 52 65 167 85 3 0 139 166
226 2 117 22 212 9 252 215 151 35 139 166
226 178 82 125 52 9 252 215 151 35 139 166
226 2 117 22 212 9 252 215 151 1 139 166
226 2 117 22 212 9 252 215 151 35 139 166
226 2 117 22 212 65 53 142 151 1 139 166
226 178 117 22 212 9 252 215 151 35 139 166

Результат популяции:
226 178 82 125 52 9 252 215 151 35 139 166
226 178 82 125 52 9 252 215 151 35 139 166
226 2 117 22 212 65 53 142 151 1 139 166
226 2 117 22 212 65 53 142 151 1 139 166
226 2 117 22 212 65 53 142 151 1 139 166
  Родитель 1:
226	178	82	125	52	9	252	215	151	35	139	166
  Родитель 2:
226	2	117	22	212	65	53	142	151	1	139	166

Вероятность кроссовера: 92

вероятность мутации: 77
Мутация результат:
226	178	82	125	52	0	252	215	151	35	139	166
  Родитель 1:
226	178	82	125	52	9	252	215	151	35	139	166
  Родитель 2:
226	178	82	125	52	9	252	215	151	35	139	166

Вероятность кроссовера: 48
   Результат кросовера:
    226  	178  	82  	125  	52  	9  	252  	215  	151  	35  	139  	166
   Результат кросовера:
    226  	178  	82  	125  	52  	9  	252  	215  	151  	35  	139  	166

вероятность мутации: 99
Мутация результат:
226	178	82	125	0	9	252	215	151	35	139	166
  Родитель 1:
226	2	117	22	212	65	53	142	151	1	139	166
  Родитель 2:
226	178	82	125	52	9	252	215	151	35	139	166

Вероятность кроссовера: 27
   Результат кросовера:
    226  	2  	117  	22  	52  	9  	252  	215  	151  	35  	139  	166
   Результат кросовера:
    226  	178  	82  	125  	212  	65  	53  	142  	151  	1  	139  	166

вероятность мутации: 13
Мутация результат:
226	2	117	22	52	9	252	215	151	35	1	166
  Родитель 1:
226	2	117	22	212	65	53	142	151	1	139	166
  Родитель 2:
226	178	82	125	52	9	252	215	151	35	139	166

Вероятность кроссовера: 33
   Результат кросовера:
    226  	178  	117  	22  	212  	65  	53  	142  	151  	1  	139  	166
   Результат кросовера:
    226  	2  	82  	125  	52  	9  	252  	215  	151  	35  	139  	166

вероятность мутации: 18
Мутация результат:
226	3	117	22	212	65	53	142	151	1	139	166
  Родитель 1:
226	2	117	22	212	65	53	142	151	1	139	166
  Родитель 2:
226	178	82	125	52	9	252	215	151	35	139	166

Вероятность кроссовера: 70
   Результат кросовера:
    226  	178  	82  	125  	52  	9  	252  	215  	151  	1  	139  	166
   Результат кросовера:
    226  	2  	117  	22  	212  	65  	53  	142  	151  	35  	139  	166

вероятность мутации: 97
Мутация результат:
226	0	82	125	52	9	252	215	151	1	139	166

Популяция:6

Конечные веса:
46 46 47 47 47 46 46 57 45 45

Результат до чистки:
226 178 82 125 52 9 252 215 151 35 139 166
226 178 82 125 52 9 252 215 151 35 139 166
226 2 117 22 212 65 53 142 151 1 139 166
226 2 117 22 212 65 53 142 151 1 139 166
226 2 117 22 212 65 53 142 151 1 139 166
226 178 82 125 52 0 252 215 151 35 139 166
226 178 82 125 52 9 252 215 151 35 139 166
226 178 82 125 212 65 53 142 151 1 139 166
226 2 82 125 52 9 252 215 151 35 139 166
226 0 82 125 52 9 252 215 151 1 139 166

Результат популяции:
226 2 82 125 52 9 252 215 151 35 139 166
226 0 82 125 52 9 252 215 151 1 139 166
226 178 82 125 52 9 252 215 151 35 139 166
226 178 82 125 52 9 252 215 151 35 139 166
226 178 82 125 52 0 252 215 151 35 139 166
  Родитель 1:
226	2	82	125	52	9	252	215	151	35	139	166
  Родитель 2:
226	178	82	125	52	0	252	215	151	35	139	166

Вероятность кроссовера: 1
   Результат кросовера:
    226  	178  	82  	125  	52  	9  	252  	215  	151  	35  	139  	166
   Результат кросовера:
    226  	2  	82  	125  	52  	0  	252  	215  	151  	35  	139  	166

вероятность мутации: 26
Мутация результат:
226	178	82	125	52	9	252	215	151	35	1	166
  Родитель 1:
226	0	82	125	52	9	252	215	151	1	139	166
  Родитель 2:
226	2	82	125	52	9	252	215	151	35	139	166

Вероятность кроссовера: 83

вероятность мутации: 56
Мутация результат:
226	0	82	125	52	9	252	215	151	1	139	0
  Родитель 1:
226	178	82	125	52	9	252	215	151	35	139	166
  Родитель 2:
226	178	82	125	52	0	252	215	151	35	139	166

Вероятность кроссовера: 88

вероятность мутации: 3
Мутация результат:
226	178	0	125	52	9	252	215	151	35	139	166
  Родитель 1:
226	178	82	125	52	9	252	215	151	35	139	166
  Родитель 2:
226	178	82	125	52	9	252	215	151	35	139	166

Вероятность кроссовера: 79

вероятность мутации: 44
Мутация результат:
226	178	82	125	52	1	252	215	151	35	139	166
  Родитель 1:
226	178	82	125	52	0	252	215	151	35	139	166
  Родитель 2:
226	2	82	125	52	9	252	215	151	35	139	166

Вероятность кроссовера: 54
   Результат кросовера:
    226  	178  	82  	125  	52  	9  	252  	215  	151  	35  	139  	166
   Результат кросовера:
    226  	2  	82  	125  	52  	0  	252  	215  	151  	35  	139  	166

вероятность мутации: 88
Мутация результат:
226	178	82	1	52	9	252	215	151	35	139	166

Популяция:7

Конечные веса:
45 45 46 46 46 45 45 46 46 45

Результат до чистки:
226 2 82 125 52 9 252 215 151 35 139 166
226 0 82 125 52 9 252 215 151 1 139 166
226 178 82 125 52 9 252 215 151 35 139 166
226 178 82 125 52 9 252 215 151 35 139 166
226 178 82 125 52 0 252 215 151 35 139 166
226 2 82 125 52 0 252 215 151 35 139 166
226 2 82 125 52 9 252 215 151 35 139 166
226 178 82 125 52 0 252 215 151 35 139 166
226 178 82 125 52 9 252 215 151 35 139 166
226 2 82 125 52 0 252 215 151 35 139 166

Результат популяции:
226 2 82 125 52 9 252 215 151 35 139 166
226 0 82 125 52 9 252 215 151 1 139 166
226 2 82 125 52 0 252 215 151 35 139 166
226 2 82 125 52 9 252 215 151 35 139 166
226 2 82 125 52 0 252 215 151 35 139 166
  Родитель 1:
226	2	82	125	52	9	252	215	151	35	139	166
  Родитель 2:
226	0	82	125	52	9	252	215	151	1	139	166

Вероятность кроссовера: 79

вероятность мутации: 59
Мутация результат:
226	2	0	125	52	9	252	215	151	35	139	166
  Родитель 1:
226	0	82	125	52	9	252	215	151	1	139	166
  Родитель 2:
226	2	82	125	52	9	252	215	151	35	139	166

Вероятность кроссовера: 85

вероятность мутации: 67
Мутация результат:
226	0	82	125	0	9	252	215	151	1	139	166
  Родитель 1:
226	2	82	125	52	0	252	215	151	35	139	166
  Родитель 2:
226	2	82	125	52	9	252	215	151	35	139	166

Вероятность кроссовера: 97

вероятность мутации: 23
Мутация результат:
226	2	82	125	0	0	252	215	151	35	139	166
  Родитель 1:
226	2	82	125	52	9	252	215	151	35	139	166
  Родитель 2:
226	2	82	125	52	0	252	215	151	35	139	166

Вероятность кроссовера: 6
   Результат кросовера:
    226  	2  	82  	125  	52  	0  	252  	215  	151  	35  	139  	166
   Результат кросовера:
    226  	2  	82  	125  	52  	9  	252  	215  	151  	35  	139  	166

вероятность мутации: 31
Мутация результат:
0	2	82	125	52	0	252	215	151	35	139	166
  Родитель 1:
226	2	82	125	52	0	252	215	151	35	139	166
  Родитель 2:
226	2	82	125	52	9	252	215	151	35	139	166

Вероятность кроссовера: 13
   Результат кросовера:
    226  	2  	82  	125  	52  	0  	252  	215  	151  	35  	139  	166
   Результат кросовера:
    226  	2  	82  	125  	52  	9  	252  	215  	151  	35  	139  	166

вероятность мутации: 40
Мутация результат:
226	2	82	125	52	0	252	1	151	35	139	166

Популяция:8

Конечные веса:
45 45 45 45 45 45 45 45 45 45

Результат до чистки:
226 2 82 125 52 9 252 215 151 35 139 166
226 0 82 125 52 9 252 215 151 1 139 166
226 2 82 125 52 0 252 215 151 35 139 166
226 2 82 125 52 9 252 215 151 35 139 166
226 2 82 125 52 0 252 215 151 35 139 166
226 0 82 125 52 9 252 215 151 1 139 166
226 2 82 125 52 9 252 215 151 35 139 166
226 2 82 125 52 9 252 215 151 35 139 166
226 2 82 125 52 9 252 215 151 35 139 166
226 2 82 125 52 9 252 215 151 35 139 166

Результат популяции:
226 2 82 125 52 9 252 215 151 35 139 166
226 0 82 125 52 9 252 215 151 1 139 166
226 2 82 125 52 0 252 215 151 35 139 166
226 2 82 125 52 9 252 215 151 35 139 166
226 2 82 125 52 0 252 215 151 35 139 166
  Родитель 1:
226	2	82	125	52	9	252	215	151	35	139	166
  Родитель 2:
226	2	82	125	52	0	252	215	151	35	139	166

Вероятность кроссовера: 71
   Результат кросовера:
    226  	2  	82  	125  	52  	0  	252  	215  	151  	35  	139  	166
   Результат кросовера:
    226  	2  	82  	125  	52  	9  	252  	215  	151  	35  	139  	166

вероятность мутации: 64
Мутация результат:
226	2	82	125	0	0	252	215	151	35	139	166
  Родитель 1:
226	0	82	125	52	9	252	215	151	1	139	166
  Родитель 2:
226	2	82	125	52	0	252	215	151	35	139	166

Вероятность кроссовера: 22
   Результат кросовера:
    226  	2  	82  	125  	52  	0  	252  	215  	151  	1  	139  	166
   Результат кросовера:
    226  	0  	82  	125  	52  	9  	252  	215  	151  	35  	139  	166

вероятность мутации: 77
Мутация результат:
226	2	82	125	52	0	252	215	151	1	139	166
  Родитель 1:
226	2	82	125	52	0	252	215	151	35	139	166
  Родитель 2:
226	0	82	125	52	9	252	215	151	1	139	166

Вероятность кроссовера: 83

вероятность мутации: 65
Мутация результат:
226	2	82	125	52	0	252	215	151	35	139	0
  Родитель 1:
226	2	82	125	52	9	252	215	151	35	139	166
  Родитель 2:
226	2	82	125	52	9	252	215	151	35	139	166

Вероятность кроссовера: 16
   Результат кросовера:
    226  	2  	82  	125  	52  	9  	252  	215  	151  	35  	139  	166
   Результат кросовера:
    226  	2  	82  	125  	52  	9  	252  	215  	151  	35  	139  	166

вероятность мутации: 53
Мутация результат:
226	2	82	125	52	1	252	215	151	35	139	166
  Родитель 1:
226	2	82	125	52	0	252	215	151	35	139	166
  Родитель 2:
226	2	82	125	52	0	252	215	151	35	139	166

Вероятность кроссовера: 86

вероятность мутации: 80
Мутация результат:
226	2	82	125	0	0	252	215	151	35	139	166

Популяция:9

Конечные веса:
45 45 45 45 45 45 45 45 45 45

Результат до чистки:
226 2 82 125 52 9 252 215 151 35 139 166
226 0 82 125 52 9 252 215 151 1 139 166
226 2 82 125 52 0 252 215 151 35 139 166
226 2 82 125 52 9 252 215 151 35 139 166
226 2 82 125 52 0 252 215 151 35 139 166
226 2 82 125 52 9 252 215 151 35 139 166
226 0 82 125 52 9 252 215 151 35 139 166
226 0 82 125 52 9 252 215 151 1 139 166
226 2 82 125 52 9 252 215 151 35 139 166
226 2 82 125 52 0 252 215 151 35 139 166

Результат популяции:
226 2 82 125 52 9 252 215 151 35 139 166
226 0 82 125 52 9 252 215 151 1 139 166
226 2 82 125 52 0 252 215 151 35 139 166
226 2 82 125 52 9 252 215 151 35 139 166
226 2 82 125 52 0 252 215 151 35 139 166
  Родитель 1:
226	2	82	125	52	9	252	215	151	35	139	166
  Родитель 2:
226	2	82	125	52	9	252	215	151	35	139	166

Вероятность кроссовера: 0
   Результат кросовера:
    226  	2  	82  	125  	52  	9  	252  	215  	151  	35  	139  	166
   Результат кросовера:
    226  	2  	82  	125  	52  	9  	252  	215  	151  	35  	139  	166

вероятность мутации: 10
Мутация результат:
226	2	2	125	52	9	252	215	151	35	139	166
  Родитель 1:
226	0	82	125	52	9	252	215	151	1	139	166
  Родитель 2:
226	2	82	125	52	0	252	215	151	35	139	166

Вероятность кроссовера: 93

вероятность мутации: 25
Мутация результат:
226	0	82	125	52	9	1	215	151	1	139	166
  Родитель 1:
226	2	82	125	52	0	252	215	151	35	139	166
  Родитель 2:
226	2	82	125	52	9	252	215	151	35	139	166

Вероятность кроссовера: 7
   Результат кросовера:
    226  	2  	82  	125  	52  	9  	252  	215  	151  	35  	139  	166
   Результат кросовера:
    226  	2  	82  	125  	52  	0  	252  	215  	151  	35  	139  	166

вероятность мутации: 58
Мутация результат:
226	2	82	125	52	9	4	215	151	35	139	166
  Родитель 1:
226	2	82	125	52	9	252	215	151	35	139	166
  Родитель 2:
226	0	82	125	52	9	252	215	151	1	139	166

Вероятность кроссовера: 59
   Результат кросовера:
    226  	2  	82  	125  	52  	9  	252  	215  	151  	1  	139  	166
   Результат кросовера:
    226  	0  	82  	125  	52  	9  	252  	215  	151  	35  	139  	166

вероятность мутации: 12
Мутация результат:
226	2	82	125	52	9	252	215	151	1	139	0
  Родитель 1:
226	2	82	125	52	0	252	215	151	35	139	166
  Родитель 2:
226	2	82	125	52	0	252	215	151	35	139	166

Вероятность кроссовера: 97

вероятность мутации: 47
Мутация результат:
226	2	82	125	52	0	252	215	151	35	1	166

Популяция:10

Конечные веса:
45 45 45 45 45 45 45 45 45 45

Результат до чистки:
226 2 82 125 52 9 252 215 151 35 139 166
226 0 82 125 52 9 252 215 151 1 139 166
226 2 82 125 52 0 252 215 151 35 139 166
226 2 82 125 52 9 252 215 151 35 139 166
226 2 82 125 52 0 252 215 151 35 139 166
226 2 82 125 52 9 252 215 151 35 139 166
226 2 82 125 52 0 252 215 151 35 139 166
226 2 82 125 52 0 252 215 151 35 139 166
226 0 82 125 52 9 252 215 151 35 139 166
226 2 82 125 52 0 252 215 151 35 139 166

Результат популяции:
226 2 82 125 52 9 252 215 151 35 139 166
226 0 82 125 52 9 252 215 151 1 139 166
226 2 82 125 52 0 252 215 151 35 139 166
226 2 82 125 52 9 252 215 151 35 139 166
226 2 82 125 52 0 252 215 151 35 139 166
  Родитель 1:
226	2	82	125	52	9	252	215	151	35	139	166
  Родитель 2:
226	0	82	125	52	9	252	215	151	1	139	166

Вероятность кроссовера: 64
   Результат кросовера:
    226  	0  	82  	125  	52  	9  	252  	215  	151  	35  	139  	166
   Результат кросовера:
    226  	2  	82  	125  	52  	9  	252  	215  	151  	1  	139  	166

вероятность мутации: 37
Мутация результат:
226	0	82	125	0	9	252	215	151	35	139	166
  Родитель 1:
226	0	82	125	52	9	252	215	151	1	139	166
  Родитель 2:
226	2	82	125	52	9	252	215	151	35	139	166

Вероятность кроссовера: 22
   Результат кросовера:
    226  	0  	82  	125  	52  	9  	252  	215  	151  	1  	139  	166
   Результат кросовера:
    226  	2  	82  	125  	52  	9  	252  	215  	151  	35  	139  	166

вероятность мутации: 39
Мутация результат:
226	0	82	125	0	9	252	215	151	1	139	166
  Родитель 1:
226	2	82	125	52	0	252	215	151	35	139	166
  Родитель 2:
226	2	82	125	52	9	252	215	151	35	139	166

Вероятность кроссовера: 22
   Результат кросовера:
    226  	2  	82  	125  	52  	9  	252  	215  	151  	35  	139  	166
   Результат кросовера:
    226  	2  	82  	125  	52  	0  	252  	215  	151  	35  	139  	166

вероятность мутации: 32
Мутация результат:
226	2	82	125	52	9	252	215	151	1	139	166
  Родитель 1:
226	2	82	125	52	9	252	215	151	35	139	166
  Родитель 2:
226	2	82	125	52	0	252	215	151	35	139	166

Вероятность кроссовера: 79

вероятность мутации: 78
Мутация результат:
226	0	82	125	52	9	252	215	151	35	139	166
  Родитель 1:
226	2	82	125	52	0	252	215	151	35	139	166
  Родитель 2:
226	2	82	125	52	9	252	215	151	35	139	166

Вероятность кроссовера: 12
   Результат кросовера:
    226  	2  	82  	125  	52  	9  	252  	215  	151  	35  	139  	166
   Результат кросовера:
    226  	2  	82  	125  	52  	0  	252  	215  	151  	35  	139  	166

вероятность мутации: 26
Мутация результат:
226	2	82	125	52	9	252	215	151	1	139	166

Популяция:11

Конечные веса:
45 45 45 45 45 45 45 45 45 45

Результат до чистки:
226 2 82 125 52 9 252 215 151 35 139 166
226 0 82 125 52 9 252 215 151 1 139 166
226 2 82 125 52 0 252 215 151 35 139 166
226 2 82 125 52 9 252 215 151 35 139 166
226 2 82 125 52 0 252 215 151 35 139 166
226 2 82 125 52 9 252 215 151 1 139 166
226 2 82 125 52 9 252 215 151 35 139 166
226 2 82 125 52 0 252 215 151 35 139 166
226 2 82 125 52 0 252 215 151 35 139 166
226 2 82 125 52 0 252 215 151 35 139 166

Результат популяции:
226 2 82 125 52 9 252 215 151 35 139 166
226 0 82 125 52 9 252 215 151 1 139 166
226 2 82 125 52 0 252 215 151 35 139 166
226 2 82 125 52 9 252 215 151 35 139 166
226 2 82 125 52 0 252 215 151 35 139 166
  Родитель 1:
226	2	82	125	52	9	252	215	151	35	139	166
  Родитель 2:
226	0	82	125	52	9	252	215	151	1	139	166

Вероятность кроссовера: 63
   Результат кросовера:
    226  	2  	82  	125  	52  	9  	252  	215  	151  	35  	139  	166
   Результат кросовера:
    226  	0  	82  	125  	52  	9  	252  	215  	151  	1  	139  	166

вероятность мутации: 6
Мутация результат:
226	2	82	125	1	9	252	215	151	35	139	166
  Родитель 1:
226	0	82	125	52	9	252	215	151	1	139	166
  Родитель 2:
226	2	82	125	52	9	252	215	151	35	139	166

Вероятность кроссовера: 42
   Результат кросовера:
    226  	2  	82  	125  	52  	9  	252  	215  	151  	1  	139  	166
   Результат кросовера:
    226  	0  	82  	125  	52  	9  	252  	215  	151  	35  	139  	166

вероятность мутации: 64
Мутация результат:
226	2	82	125	52	9	1	215	151	1	139	166
  Родитель 1:
226	2	82	125	52	0	252	215	151	35	139	166
  Родитель 2:
226	2	82	125	52	0	252	215	151	35	139	166

Вероятность кроссовера: 86

вероятность мутации: 91
Мутация результат:
226	0	82	125	52	0	252	215	151	35	139	166
  Родитель 1:
226	2	82	125	52	9	252	215	151	35	139	166
  Родитель 2:
226	2	82	125	52	9	252	215	151	35	139	166

Вероятность кроссовера: 86

вероятность мутации: 15
Мутация результат:
226	2	82	125	52	9	252	215	151	35	139	3
  Родитель 1:
226	2	82	125	52	0	252	215	151	35	139	166
  Родитель 2:
226	2	82	125	52	0	252	215	151	35	139	166

Вероятность кроссовера: 72
   Результат кросовера:
    226  	2  	82  	125  	52  	0  	252  	215  	151  	35  	139  	166
   Результат кросовера:
    226  	2  	82  	125  	52  	0  	252  	215  	151  	35  	139  	166

вероятность мутации: 75
Мутация результат:
226	2	82	125	52	0	252	215	151	35	3	166

Популяция:12

Конечные веса:
45 45 45 45 45 45 45 45 45 45

Результат до чистки:
226 2 82 125 52 9 252 215 151 35 139 166
226 0 82 125 52 9 252 215 151 1 139 166
226 2 82 125 52 0 252 215 151 35 139 166
226 2 82 125 52 9 252 215 151 35 139 166
226 2 82 125 52 0 252 215 151 35 139 166
226 0 82 125 52 9 252 215 151 1 139 166
226 0 82 125 52 9 252 215 151 35 139 166
226 2 82 125 52 0 252 215 151 35 139 166
226 2 82 125 52 9 252 215 151 35 139 166
226 2 82 125 52 0 252 215 151 35 139 166

Результат популяции:
226 2 82 125 52 9 252 215 151 35 139 166
226 0 82 125 52 9 252 215 151 1 139 166
226 2 82 125 52 0 252 215 151 35 139 166
226 2 82 125 52 9 252 215 151 35 139 166
226 2 82 125 52 0 252 215 151 35 139 166
  Родитель 1:
226	2	82	125	52	9	252	215	151	35	139	166
  Родитель 2:
226	0	82	125	52	9	252	215	151	1	139	166

Вероятность кроссовера: 66
   Результат кросовера:
    226  	2  	82  	125  	52  	9  	252  	215  	151  	1  	139  	166
   Результат кросовера:
    226  	0  	82  	125  	52  	9  	252  	215  	151  	35  	139  	166

вероятность мутации: 78
Мутация результат:
3	2	82	125	52	9	252	215	151	1	139	166
  Родитель 1:
226	0	82	125	52	9	252	215	151	1	139	166
  Родитель 2:
226	2	82	125	52	0	252	215	151	35	139	166

Вероятность кроссовера: 43
   Результат кросовера:
    226  	2  	82  	125  	52  	9  	252  	215  	151  	1  	139  	166
   Результат кросовера:
    226  	0  	82  	125  	52  	0  	252  	215  	151  	35  	139  	166

вероятность мутации: 45
Мутация результат:
226	2	82	125	52	9	252	215	151	1	139	0
  Родитель 1:
226	2	82	125	52	0	252	215	151	35	139	166
  Родитель 2:
226	2	82	125	52	0	252	215	151	35	139	166

Вероятность кроссовера: 66
   Результат кросовера:
    226  	2  	82  	125  	52  	0  	252  	215  	151  	35  	139  	166
   Результат кросовера:
    226  	2  	82  	125  	52  	0  	252  	215  	151  	35  	139  	166

вероятность мутации: 21
Мутация результат:
226	2	82	125	52	0	252	7	151	35	139	166
  Родитель 1:
226	2	82	125	52	9	252	215	151	35	139	166
  Родитель 2:
226	2	82	125	52	9	252	215	151	35	139	166

Вероятность кроссовера: 56
   Результат кросовера:
    226  	2  	82  	125  	52  	9  	252  	215  	151  	35  	139  	166
   Результат кросовера:
    226  	2  	82  	125  	52  	9  	252  	215  	151  	35  	139  	166

вероятность мутации: 56
Мутация результат:
226	2	82	125	52	1	252	215	151	35	139	166
  Родитель 1:
226	2	82	125	52	0	252	215	151	35	139	166
  Родитель 2:
226	0	82	125	52	9	252	215	151	1	139	166

Вероятность кроссовера: 32
   Результат кросовера:
    226  	2  	82  	125  	52  	0  	252  	215  	151  	1  	139  	166
   Результат кросовера:
    226  	0  	82  	125  	52  	9  	252  	215  	151  	35  	139  	166

вероятность мутации: 30
Мутация результат:
226	2	82	125	52	0	0	215	151	1	139	166

Популяция:13

Конечные веса:
45 45 45 45 45 45 45 45 45 45

Результат до чистки:
226 2 82 125 52 9 252 215 151 35 139 166
226 0 82 125 52 9 252 215 151 1 139 166
226 2 82 125 52 0 252 215 151 35 139 166
226 2 82 125 52 9 252 215 151 35 139 166
226 2 82 125 52 0 252 215 151 35 139 166
226 0 82 125 52 9 252 215 151 35 139 166
226 0 82 125 52 0 252 215 151 35 139 166
226 2 82 125 52 0 252 215 151 35 139 166
226 2 82 125 52 9 252 215 151 35 139 166
226 0 82 125 52 9 252 215 151 35 139 166

Результат популяции:
226 2 82 125 52 9 252 215 151 35 139 166
226 0 82 125 52 9 252 215 151 1 139 166
226 2 82 125 52 0 252 215 151 35 139 166
226 2 82 125 52 9 252 215 151 35 139 166
226 2 82 125 52 0 252 215 151 35 139 166
  Родитель 1:
226	2	82	125	52	9	252	215	151	35	139	166
  Родитель 2:
226	2	82	125	52	9	252	215	151	35	139	166

Вероятность кроссовера: 44
   Результат кросовера:
    226  	2  	82  	125  	52  	9  	252  	215  	151  	35  	139  	166
   Результат кросовера:
    226  	2  	82  	125  	52  	9  	252  	215  	151  	35  	139  	166

вероятность мутации: 8
Мутация результат:
226	2	3	125	52	9	252	215	151	35	139	166
  Родитель 1:
226	0	82	125	52	9	252	215	151	1	139	166
  Родитель 2:
226	2	82	125	52	9	252	215	151	35	139	166

Вероятность кроссовера: 39
   Результат кросовера:
    226  	0  	82  	125  	52  	9  	252  	215  	151  	1  	139  	166
   Результат кросовера:
    226  	2  	82  	125  	52  	9  	252  	215  	151  	35  	139  	166

вероятность мутации: 15
Мутация результат:
226	0	82	125	52	9	252	215	151	1	139	166
  Родитель 1:
226	2	82	125	52	0	252	215	151	35	139	166
  Родитель 2:
226	0	82	125	52	9	252	215	151	1	139	166

Вероятность кроссовера: 18
   Результат кросовера:
    226  	2  	82  	125  	52  	9  	252  	215  	151  	1  	139  	166
   Результат кросовера:
    226  	0  	82  	125  	52  	0  	252  	215  	151  	35  	139  	166

вероятность мутации: 17
Мутация результат:
226	0	82	125	52	9	252	215	151	1	139	166
  Родитель 1:
226	2	82	125	52	9	252	215	151	35	139	166
  Родитель 2:
226	2	82	125	52	0	252	215	151	35	139	166

Вероятность кроссовера: 94

вероятность мутации: 50
Мутация результат:
226	2	82	125	52	1	252	215	151	35	139	166
  Родитель 1:
226	2	82	125	52	0	252	215	151	35	139	166
  Родитель 2:
226	2	82	125	52	9	252	215	151	35	139	166

Вероятность кроссовера: 16
   Результат кросовера:
    226  	2  	82  	125  	52  	9  	252  	215  	151  	35  	139  	166
   Результат кросовера:
    226  	2  	82  	125  	52  	0  	252  	215  	151  	35  	139  	166

вероятность мутации: 25
Мутация результат:
226	2	82	125	52	9	252	215	7	35	139	166

Популяция:14

Конечные веса:
45 45 45 45 45 45 45 45 45 45

Результат до чистки:
226 2 82 125 52 9 252 215 151 35 139 166
226 0 82 125 52 9 252 215 151 1 139 166
226 2 82 125 52 0 252 215 151 35 139 166
226 2 82 125 52 9 252 215 151 35 139 166
226 2 82 125 52 0 252 215 151 35 139 166
226 2 82 125 52 9 252 215 151 35 139 166
226 2 82 125 52 9 252 215 151 35 139 166
226 0 82 125 52 0 252 215 151 35 139 166
226 2 82 125 52 0 252 215 151 35 139 166
226 2 82 125 52 0 252 215 151 35 139 166

Результат популяции:
226 2 82 125 52 9 252 215 151 35 139 166
226 0 82 125 52 9 252 215 151 1 139 166
226 2 82 125 52 0 252 215 151 35 139 166
226 2 82 125 52 9 252 215 151 35 139 166
226 2 82 125 52 0 252 215 151 35 139 166
  Родитель 1:
226	2	82	125	52	9	252	215	151	35	139	166
  Родитель 2:
226	2	82	125	52	0	252	215	151	35	139	166

Вероятность кроссовера: 31
   Результат кросовера:
    226  	2  	82  	125  	52  	9  	252  	215  	151  	35  	139  	166
   Результат кросовера:
    226  	2  	82  	125  	52  	0  	252  	215  	151  	35  	139  	166

вероятность мутации: 69
Мутация результат:
226	2	82	125	52	9	252	1	151	35	139	166
  Родитель 1:
226	0	82	125	52	9	252	215	151	1	139	166
  Родитель 2:
226	2	82	125	52	9	252	215	151	35	139	166

Вероятность кроссовера: 6
   Результат кросовера:
    226  	2  	82  	125  	52  	9  	252  	215  	151  	1  	139  	166
   Результат кросовера:
    226  	0  	82  	125  	52  	9  	252  	215  	151  	35  	139  	166

вероятность мутации: 98
Мутация результат:
226	2	82	125	52	9	252	215	151	1	139	0
  Родитель 1:
226	2	82	125	52	0	252	215	151	35	139	166
  Родитель 2:
226	2	82	125	52	9	252	215	151	35	139	166

Вероятность кроссовера: 77
   Результат кросовера:
    226  	2  	82  	125  	52  	9  	252  	215  	151  	35  	139  	166
   Результат кросовера:
    226  	2  	82  	125  	52  	0  	252  	215  	151  	35  	139  	166

вероятность мутации: 44
Мутация результат:
226	2	82	125	52	9	252	215	151	35	139	166
  Родитель 1:
226	2	82	125	52	9	252	215	151	35	139	166
  Родитель 2:
226	2	82	125	52	0	252	215	151	35	139	166

Вероятность кроссовера: 19
   Результат кросовера:
    226  	2  	82  	125  	52  	0  	252  	215  	151  	35  	139  	166
   Результат кросовера:
    226  	2  	82  	125  	52  	9  	252  	215  	151  	35  	139  	166

вероятность мутации: 70
Мутация результат:
226	2	82	125	0	0	252	215	151	35	139	166
  Родитель 1:
226	2	82	125	52	0	252	215	151	35	139	166
  Родитель 2:
226	2	82	125	52	0	252	215	151	35	139	166

Вероятность кроссовера: 84

вероятность мутации: 71
Мутация результат:
226	2	82	125	52	0	252	215	151	35	139	0

Популяция:15

Конечные веса:
45 45 45 45 45 45 45 45 45 45

Результат до чистки:
226 2 82 125 52 9 252 215 151 35 139 166
226 0 82 125 52 9 252 215 151 1 139 166
226 2 82 125 52 0 252 215 151 35 139 166
226 2 82 125 52 9 252 215 151 35 139 166
226 2 82 125 52 0 252 215 151 35 139 166
226 2 82 125 52 0 252 215 151 35 139 166
226 0 82 125 52 9 252 215 151 35 139 166
226 2 82 125 52 0 252 215 151 35 139 166
226 2 82 125 52 9 252 215 151 35 139 166
226 2 82 125 52 0 252 215 151 35 139 166

Результат популяции:
226 2 82 125 52 9 252 215 151 35 139 166
226 0 82 125 52 9 252 215 151 1 139 166
226 2 82 125 52 0 252 215 151 35 139 166
226 2 82 125 52 9 252 215 151 35 139 166
226 2 82 125 52 0 252 215 151 35 139 166
  Родитель 1:
226	2	82	125	52	9	252	215	151	35	139	166
  Родитель 2:
226	2	82	125	52	9	252	215	151	35	139	166

Вероятность кроссовера: 77
   Результат кросовера:
    226  	2  	82  	125  	52  	9  	252  	215  	151  	35  	139  	166
   Результат кросовера:
    226  	2  	82  	125  	52  	9  	252  	215  	151  	35  	139  	166

вероятность мутации: 17
Мутация результат:
226	0	82	125	52	9	252	215	151	35	139	166
  Родитель 1:
226	0	82	125	52	9	252	215	151	1	139	166
  Родитель 2:
226	2	82	125	52	9	252	215	151	35	139	166

Вероятность кроссовера: 78
   Результат кросовера:
    226  	0  	82  	125  	52  	9  	252  	215  	151  	1  	139  	166
   Результат кросовера:
    226  	2  	82  	125  	52  	9  	252  	215  	151  	35  	139  	166

вероятность мутации: 37
Мутация результат:
226	0	82	125	52	9	252	1	151	1	139	166
  Родитель 1:
226	2	82	125	52	0	252	215	151	35	139	166
  Родитель 2:
226	2	82	125	52	9	252	215	151	35	139	166

Вероятность кроссовера: 52
   Результат кросовера:
    226  	2  	82  	125  	52  	9  	252  	215  	151  	35  	139  	166
   Результат кросовера:
    226  	2  	82  	125  	52  	0  	252  	215  	151  	35  	139  	166

вероятность мутации: 83
Мутация результат:
226	2	3	125	52	9	252	215	151	35	139	166
  Родитель 1:
226	2	82	125	52	9	252	215	151	35	139	166
  Родитель 2:
226	2	82	125	52	9	252	215	151	35	139	166

Вероятность кроссовера: 4
   Результат кросовера:
    226  	2  	82  	125  	52  	9  	252  	215  	151  	35  	139  	166
   Результат кросовера:
    226  	2  	82  	125  	52  	9  	252  	215  	151  	35  	139  	166

вероятность мутации: 23
Мутация результат:
226	2	82	125	52	1	252	215	151	35	139	166
  Родитель 1:
226	2	82	125	52	0	252	215	151	35	139	166
  Родитель 2:
226	2	82	125	52	0	252	215	151	35	139	166

Вероятность кроссовера: 78
   Результат кросовера:
    226  	2  	82  	125  	52  	0  	252  	215  	151  	35  	139  	166
   Результат кросовера:
    226  	2  	82  	125  	52  	0  	252  	215  	151  	35  	139  	166

вероятность мутации: 82
Мутация результат:
226	2	82	125	52	0	252	215	151	35	139	166

Популяция:16

Конечные веса:
45 45 45 45 45 45 45 45 45 45

Результат до чистки:
226 2 82 125 52 9 252 215 151 35 139 166
226 0 82 125 52 9 252 215 151 1 139 166
226 2 82 125 52 0 252 215 151 35 139 166
226 2 82 125 52 9 252 215 151 35 139 166
226 2 82 125 52 0 252 215 151 35 139 166
226 2 82 125 52 9 252 215 151 35 139 166
226 2 82 125 52 9 252 215 151 35 139 166
226 2 82 125 52 0 252 215 151 35 139 166
226 2 82 125 52 9 252 215 151 35 139 166
226 2 82 125 52 0 252 215 151 35 139 166

Результат популяции:
226 2 82 125 52 9 252 215 151 35 139 166
226 0 82 125 52 9 252 215 151 1 139 166
226 2 82 125 52 0 252 215 151 35 139 166
226 2 82 125 52 9 252 215 151 35 139 166
226 2 82 125 52 0 252 215 151 35 139 166
  Родитель 1:
226	2	82	125	52	9	252	215	151	35	139	166
  Родитель 2:
226	2	82	125	52	9	252	215	151	35	139	166

Вероятность кроссовера: 39
   Результат кросовера:
    226  	2  	82  	125  	52  	9  	252  	215  	151  	35  	139  	166
   Результат кросовера:
    226  	2  	82  	125  	52  	9  	252  	215  	151  	35  	139  	166

вероятность мутации: 7
Мутация результат:
226	2	82	125	52	9	252	215	151	35	1	166
  Родитель 1:
226	0	82	125	52	9	252	215	151	1	139	166
  Родитель 2:
226	2	82	125	52	9	252	215	151	35	139	166

Вероятность кроссовера: 13
   Результат кросовера:
    226  	0  	82  	125  	52  	9  	252  	215  	151  	1  	139  	166
   Результат кросовера:
    226  	2  	82  	125  	52  	9  	252  	215  	151  	35  	139  	166

вероятность мутации: 87
Мутация результат:
226	0	82	125	52	9	252	215	151	1	139	166
  Родитель 1:
226	2	82	125	52	0	252	215	151	35	139	166
  Родитель 2:
226	2	82	125	52	9	252	215	151	35	139	166

Вероятность кроссовера: 90

вероятность мутации: 6
Мутация результат:
226	2	82	1	52	0	252	215	151	35	139	166
  Родитель 1:
226	2	82	125	52	9	252	215	151	35	139	166
  Родитель 2:
226	2	82	125	52	0	252	215	151	35	139	166

Вероятность кроссовера: 58
   Результат кросовера:
    226  	2  	82  	125  	52  	0  	252  	215  	151  	35  	139  	166
   Результат кросовера:
    226  	2  	82  	125  	52  	9  	252  	215  	151  	35  	139  	166

вероятность мутации: 3
Мутация результат:
226	2	82	125	52	0	0	215	151	35	139	166
  Родитель 1:
226	2	82	125	52	0	252	215	151	35	139	166
  Родитель 2:
226	2	82	125	52	9	252	215	151	35	139	166

Вероятность кроссовера: 34
   Результат кросовера:
    226  	2  	82  	125  	52  	9  	252  	215  	151  	35  	139  	166
   Результат кросовера:
    226  	2  	82  	125  	52  	0  	252  	215  	151  	35  	139  	166

вероятность мутации: 36
Мутация результат:
226	2	82	125	52	1	252	215	151	35	139	166

Популяция:17

Конечные веса:
45 45 45 45 45 45 45 45 45 45

Результат до чистки:
226 2 82 125 52 9 252 215 151 35 139 166
226 0 82 125 52 9 252 215 151 1 139 166
226 2 82 125 52 0 252 215 151 35 139 166
226 2 82 125 52 9 252 215 151 35 139 166
226 2 82 125 52 0 252 215 151 35 139 166
226 2 82 125 52 9 252 215 151 35 139 166
226 2 82 125 52 9 252 215 151 35 139 166
226 2 82 125 52 9 252 215 151 35 139 166
226 2 82 125 52 9 252 215 151 35 139 166
226 2 82 125 52 0 252 215 151 35 139 166

Результат популяции:
226 2 82 125 52 9 252 215 151 35 139 166
226 0 82 125 52 9 252 215 151 1 139 166
226 2 82 125 52 0 252 215 151 35 139 166
226 2 82 125 52 9 252 215 151 35 139 166
226 2 82 125 52 0 252 215 151 35 139 166
  Родитель 1:
226	2	82	125	52	9	252	215	151	35	139	166
  Родитель 2:
226	2	82	125	52	9	252	215	151	35	139	166

Вероятность кроссовера: 17
   Результат кросовера:
    226  	2  	82  	125  	52  	9  	252  	215  	151  	35  	139  	166
   Результат кросовера:
    226  	2  	82  	125  	52  	9  	252  	215  	151  	35  	139  	166

вероятность мутации: 66
Мутация результат:
226	2	82	125	52	9	252	215	151	1	139	166
  Родитель 1:
226	0	82	125	52	9	252	215	151	1	139	166
  Родитель 2:
226	2	82	125	52	0	252	215	151	35	139	166

Вероятность кроссовера: 0
   Результат кросовера:
    226  	2  	82  	125  	52  	9  	252  	215  	151  	1  	139  	166
   Результат кросовера:
    226  	0  	82  	125  	52  	0  	252  	215  	151  	35  	139  	166

вероятность мутации: 39
Мутация результат:
226	2	82	125	52	1	252	215	151	1	139	166
  Родитель 1:
226	2	82	125	52	0	252	215	151	35	139	166
  Родитель 2:
226	2	82	125	52	9	252	215	151	35	139	166

Вероятность кроссовера: 30
   Результат кросовера:
    226  	2  	82  	125  	52  	9  	252  	215  	151  	35  	139  	166
   Результат кросовера:
    226  	2  	82  	125  	52  	0  	252  	215  	151  	35  	139  	166

вероятность мутации: 96
Мутация результат:
226	2	2	125	52	9	252	215	151	35	139	166
  Родитель 1:
226	2	82	125	52	9	252	215	151	35	139	166
  Родитель 2:
226	2	82	125	52	0	252	215	151	35	139	166

Вероятность кроссовера: 14
   Результат кросовера:
    226  	2  	82  	125  	52  	0  	252  	215  	151  	35  	139  	166
   Результат кросовера:
    226  	2  	82  	125  	52  	9  	252  	215  	151  	35  	139  	166

вероятность мутации: 92
Мутация результат:
226	2	82	125	52	0	0	215	151	35	139	166
  Родитель 1:
226	2	82	125	52	0	252	215	151	35	139	166
  Родитель 2:
226	2	82	125	52	0	252	215	151	35	139	166

Вероятность кроссовера: 81

вероятность мутации: 67
Мутация результат:
226	2	82	1	52	0	252	215	151	35	139	166

Популяция:18

Конечные веса:
45 45 45 45 45 45 45 45 45 45

Результат до чистки:
226 2 82 125 52 9 252 215 151 35 139 166
226 0 82 125 52 9 252 215 151 1 139 166
226 2 82 125 52 0 252 215 151 35 139 166
226 2 82 125 52 9 252 215 151 35 139 166
226 2 82 125 52 0 252 215 151 35 139 166
226 2 82 125 52 9 252 215 151 35 139 166
226 0 82 125 52 0 252 215 151 35 139 166
226 2 82 125 52 0 252 215 151 35 139 166
226 2 82 125 52 9 252 215 151 35 139 166
226 2 82 125 52 0 252 215 151 35 139 166

Результат популяции:
226 2 82 125 52 9 252 215 151 35 139 166
226 0 82 125 52 9 252 215 151 1 139 166
226 2 82 125 52 0 252 215 151 35 139 166
226 2 82 125 52 9 252 215 151 35 139 166
226 2 82 125 52 0 252 215 151 35 139 166
  Родитель 1:
226	2	82	125	52	9	252	215	151	35	139	166
  Родитель 2:
226	2	82	125	52	0	252	215	151	35	139	166

Вероятность кроссовера: 93

вероятность мутации: 8
Мутация результат:
226	2	82	125	52	9	252	215	151	35	1	166
  Родитель 1:
226	0	82	125	52	9	252	215	151	1	139	166
  Родитель 2:
226	2	82	125	52	9	252	215	151	35	139	166

Вероятность кроссовера: 28
   Результат кросовера:
    226  	0  	82  	125  	52  	9  	252  	215  	151  	1  	139  	166
   Результат кросовера:
    226  	2  	82  	125  	52  	9  	252  	215  	151  	35  	139  	166

вероятность мутации: 10
Мутация результат:
226	0	82	125	52	9	252	215	151	1	139	0
  Родитель 1:
226	2	82	125	52	0	252	215	151	35	139	166
  Родитель 2:
226	2	82	125	52	9	252	215	151	35	139	166

Вероятность кроссовера: 63
   Результат кросовера:
    226  	2  	82  	125  	52  	9  	252  	215  	151  	35  	139  	166
   Результат кросовера:
    226  	2  	82  	125  	52  	0  	252  	215  	151  	35  	139  	166

вероятность мутации: 2
Мутация результат:
226	2	82	125	52	9	252	215	151	35	1	166
  Родитель 1:
226	2	82	125	52	9	252	215	151	35	139	166
  Родитель 2:
226	2	82	125	52	0	252	215	151	35	139	166

Вероятность кроссовера: 36
   Результат кросовера:
    226  	2  	82  	125  	52  	9  	252  	215  	151  	35  	139  	166
   Результат кросовера:
    226  	2  	82  	125  	52  	0  	252  	215  	151  	35  	139  	166

вероятность мутации: 6
Мутация результат:
226	2	82	125	52	9	252	215	151	2	139	166
  Родитель 1:
226	2	82	125	52	0	252	215	151	35	139	166
  Родитель 2:
226	2	82	125	52	0	252	215	151	35	139	166

Вероятность кроссовера: 10
   Результат кросовера:
    226  	2  	82  	125  	52  	0  	252  	215  	151  	35  	139  	166
   Результат кросовера:
    226  	2  	82  	125  	52  	0  	252  	215  	151  	35  	139  	166

вероятность мутации: 23
Мутация результат:
226	2	82	125	52	0	252	215	151	35	1	166

Популяция:19

Конечные веса:
45 45 45 45 45 45 45 45 45 45

Результат до чистки:
226 2 82 125 52 9 252 215 151 35 139 166
226 0 82 125 52 9 252 215 151 1 139 166
226 2 82 125 52 0 252 215 151 35 139 166
226 2 82 125 52 9 252 215 151 35 139 166
226 2 82 125 52 0 252 215 151 35 139 166
226 2 82 125 52 0 252 215 151 35 139 166
226 2 82 125 52 9 252 215 151 35 139 166
226 2 82 125 52 0 252 215 151 35 139 166
226 2 82 125 52 0 252 215 151 35 139 166
226 2 82 125 52 0 252 215 151 35 139 166

Результат популяции:
226 2 82 125 52 9 252 215 151 35 139 166
226 0 82 125 52 9 252 215 151 1 139 166
226 2 82 125 52 0 252 215 151 35 139 166
226 2 82 125 52 9 252 215 151 35 139 166
226 2 82 125 52 0 252 215 151 35 139 166
  Родитель 1:
226	2	82	125	52	9	252	215	151	35	139	166
  Родитель 2:
226	2	82	125	52	0	252	215	151	35	139	166

Вероятность кроссовера: 30
   Результат кросовера:
    226  	2  	82  	125  	52  	9  	252  	215  	151  	35  	139  	166
   Результат кросовера:
    226  	2  	82  	125  	52  	0  	252  	215  	151  	35  	139  	166

вероятность мутации: 7
Мутация результат:
226	2	82	125	52	9	252	215	151	1	139	166
  Родитель 1:
226	0	82	125	52	9	252	215	151	1	139	166
  Родитель 2:
226	2	82	125	52	9	252	215	151	35	139	166

Вероятность кроссовера: 84

вероятность мутации: 19
Мутация результат:
226	0	82	125	0	9	252	215	151	1	139	166
  Родитель 1:
226	2	82	125	52	0	252	215	151	35	139	166
  Родитель 2:
226	2	82	125	52	9	252	215	151	35	139	166

Вероятность кроссовера: 48
   Результат кросовера:
    226  	2  	82  	125  	52  	9  	252  	215  	151  	35  	139  	166
   Результат кросовера:
    226  	2  	82  	125  	52  	0  	252  	215  	151  	35  	139  	166

вероятность мутации: 11
Мутация результат:
226	0	82	125	52	9	252	215	151	35	139	166
  Родитель 1:
226	2	82	125	52	9	252	215	151	35	139	166
  Родитель 2:
226	2	82	125	52	0	252	215	151	35	139	166

Вероятность кроссовера: 71
   Результат кросовера:
    226  	2  	82  	125  	52  	0  	252  	215  	151  	35  	139  	166
   Результат кросовера:
    226  	2  	82  	125  	52  	9  	252  	215  	151  	35  	139  	166

вероятность мутации: 49
Мутация результат:
2	2	82	125	52	0	252	215	151	35	139	166
  Родитель 1:
226	2	82	125	52	0	252	215	151	35	139	166
  Родитель 2:
226	2	82	125	52	9	252	215	151	35	139	166

Вероятность кроссовера: 54
   Результат кросовера:
    226  	2  	82  	125  	52  	0  	252  	215  	151  	35  	139  	166
   Результат кросовера:
    226  	2  	82  	125  	52  	9  	252  	215  	151  	35  	139  	166

вероятность мутации: 2
Мутация результат:
226	2	82	125	52	0	252	1	151	35	139	166

Популяция:20

Конечные веса:
45 45 45 45 45 45 45 45 45 45

Результат до чистки:
226 2 82 125 52 9 252 215 151 35 139 166
226 0 82 125 52 9 252 215 151 1 139 166
226 2 82 125 52 0 252 215 151 35 139 166
226 2 82 125 52 9 252 215 151 35 139 166
226 2 82 125 52 0 252 215 151 35 139 166
226 2 82 125 52 0 252 215 151 35 139 166
226 2 82 125 52 9 252 215 151 35 139 166
226 2 82 125 52 0 252 215 151 35 139 166
226 2 82 125 52 9 252 215 151 35 139 166
226 2 82 125 52 9 252 215 151 35 139 166

Результат популяции:
226 2 82 125 52 9 252 215 151 35 139 166
226 0 82 125 52 9 252 215 151 1 139 166
226 2 82 125 52 0 252 215 151 35 139 166
226 2 82 125 52 9 252 215 151 35 139 166
226 2 82 125 52 0 252 215 151 35 139 166